20 19
0 17 2 12 13 8 4 11 3 9 15 7 14 10 5 6 16 1 18 -1 
0 15 4 5 7 16 8 3 6 18 11 14 9 1 10 12 13 2 17 -1 
0 13 6 17 1 5 12 14 9 8 7 2 4 11 15 18 10 3 16 -1 
0 11 8 10 14 13 16 6 12 17 3 9 18 2 1 5 7 4 15 -1 
0 9 10 3 8 2 1 17 15 7 18 16 13 12 6 11 4 5 14 -1 
0 7 12 15 2 10 5 9 18 16 14 4 8 3 11 17 1 6 13 -1 
0 5 14 8 15 18 9 1 2 6 10 11 3 13 16 4 17 7 12 -1 
0 3 16 1 9 7 13 12 5 15 6 18 17 4 2 10 14 8 11 -1 
0 1 18 13 3 15 17 4 8 5 2 6 12 14 7 16 11 9 10 -1 
0 18 1 6 16 4 2 15 11 14 17 13 7 5 12 3 8 10 9 -1 
0 16 3 18 10 12 6 7 14 4 13 1 2 15 17 9 5 11 8 -1 
0 14 5 11 4 1 10 18 17 13 9 8 16 6 3 15 2 12 7 -1 
0 12 7 4 17 9 14 10 1 3 5 15 11 16 8 2 18 13 6 -1 
0 10 9 16 11 17 18 2 4 12 1 3 6 7 13 8 15 14 5 -1 
0 8 11 9 5 6 3 13 7 2 16 10 1 17 18 14 12 15 4 -1 
0 6 13 2 18 14 7 5 10 11 12 17 15 8 4 1 9 16 3 -1 
0 4 15 14 12 3 11 16 13 1 8 5 10 18 9 7 6 17 2 -1 
0 2 17 7 6 11 15 8 16 10 4 12 5 9 14 13 3 18 1 -1 
0 16 11 14 15 1 8 6 5 9 13 12 10 17 3 4 7 2 18 -1 
0 13 3 9 11 2 16 12 10 18 7 5 1 15 6 8 14 4 17 -1 
0 10 14 4 7 3 5 18 15 8 1 17 11 13 9 12 2 6 16 -1 
0 7 6 18 3 4 13 5 1 17 14 10 2 11 12 16 9 8 15 -1 
0 4 17 13 18 5 2 11 6 7 8 3 12 9 15 1 16 10 14 -1 
0 1 9 8 14 6 10 17 11 16 2 15 3 7 18 5 4 12 13 -1 
0 17 1 3 10 7 18 4 16 6 15 8 13 5 2 9 11 14 12 -1 
0 14 12 17 6 8 7 10 2 15 9 1 4 3 5 13 18 16 11 -1 
0 11 4 12 2 9 15 16 7 5 3 13 14 1 8 17 6 18 10 -1 
0 8 15 7 17 10 4 3 12 14 16 6 5 18 11 2 13 1 9 -1 
0 5 7 2 13 11 12 9 17 4 10 18 15 16 14 6 1 3 8 -1 
0 2 18 16 9 12 1 15 3 13 4 11 6 14 17 10 8 5 7 -1 
0 18 10 11 5 13 9 2 8 3 17 4 16 12 1 14 15 7 6 -1 
0 15 2 6 1 14 17 8 13 12 11 16 7 10 4 18 3 9 5 -1 
0 12 13 1 16 15 6 14 18 2 5 9 17 8 7 3 10 11 4 -1 
0 9 5 15 12 16 14 1 4 11 18 2 8 6 10 7 17 13 3 -1 
0 6 16 10 8 17 3 7 9 1 12 14 18 4 13 11 5 15 2 -1 
0 3 8 5 4 18 11 13 14 10 6 7 9 2 16 15 12 17 1 -1 
0 5 4 1 12 15 11 2 8 9 10 16 7 3 6 17 14 13 18 -1 
0 10 8 2 5 11 3 4 16 18 1 13 14 6 12 15 9 7 17 -1 
0 15 12 3 17 7 14 6 5 8 11 10 2 9 18 13 4 1 16 -1 
0 1 16 4 10 3 6 8 13 17 2 7 9 12 5 11 18 14 15 -1 
0 6 1 5 3 18 17 10 2 7 12 4 16 15 11 9 13 8 14 -1 
0 11 5 6 15 14 9 12 10 16 3 1 4 18 17 7 8 2 13 -1 
0 16 9 7 8 10 1 14 18 6 13 17 11 2 4 5 3 15 12 -1 
0 2 13 8 1 6 12 16 7 15 4 14 18 5 10 3 17 9 11 -1 
0 7 17 9 13 2 4 18 15 5 14 11 6 8 16 1 12 3 10 -1 
0 12 2 10 6 17 15 1 4 14 5 8 13 11 3 18 7 16 9 -1 
0 17 6 11 18 13 7 3 12 4 15 5 1 14 9 16 2 10 8 -1 
0 3 10 12 11 9 18 5 1 13 6 2 8 17 15 14 16 4 7 -1 
0 8 14 13 4 5 10 7 9 3 16 18 15 1 2 12 11 17 6 -1 
0 13 18 14 16 1 2 9 17 12 7 15 3 4 8 10 6 11 5 -1 
0 18 3 15 9 16 13 11 6 2 17 12 10 7 14 8 1 5 4 -1 
0 4 7 16 2 12 5 13 14 11 8 9 17 10 1 6 15 18 3 -1 
0 9 11 17 14 8 16 15 3 1 18 6 5 13 7 4 10 12 2 -1 
0 14 15 18 7 4 8 17 11 10 9 3 12 16 13 2 5 6 1 -1 
